0.000  0.000  0.000  0.000  0.000  0.000
1.000  0.000  0.000  0.000  0.000  0.000
-1.000  0.000  0.000  0.000  0.000  0.000
0.000  1.000  0.000  0.000  0.000  0.000
0.000 -1.000  0.000  0.000  0.000  0.000
0.000  0.000  1.000  0.000  0.000  0.000
0.000  0.000 -1.000  0.000  0.000  0.000
0.000  0.000  0.000  1.000  0.000  0.000
0.000  0.000  0.000 -1.000  0.000  0.000
0.000  0.000  0.000  0.000  1.000  0.000
0.000  0.000  0.000  0.000 -1.000  0.000
0.000  0.000  0.000  0.000  0.000  1.000
0.000  0.000  0.000  0.000  0.000 -1.000
-0.408 -0.408 -0.408 -0.408  0.408 -0.408
-0.408 -0.408 -0.408 -0.408  0.408  0.408
-0.408 -0.408 -0.408  0.408 -0.408 -0.408
-0.408 -0.408 -0.408  0.408 -0.408  0.408
-0.408 -0.408  0.408 -0.408 -0.408 -0.408
-0.408 -0.408  0.408 -0.408 -0.408  0.408
-0.408 -0.408  0.408  0.408  0.408 -0.408
-0.408 -0.408  0.408  0.408  0.408  0.408
-0.408  0.408 -0.408 -0.408 -0.408 -0.408
-0.408  0.408 -0.408 -0.408 -0.408  0.408
-0.408  0.408 -0.408  0.408  0.408 -0.408
-0.408  0.408 -0.408  0.408  0.408  0.408
-0.408  0.408  0.408 -0.408  0.408 -0.408
-0.408  0.408  0.408 -0.408  0.408  0.408
-0.408  0.408  0.408  0.408 -0.408 -0.408
-0.408  0.408  0.408  0.408 -0.408  0.408
0.408 -0.408 -0.408 -0.408 -0.408 -0.408
0.408 -0.408 -0.408 -0.408 -0.408  0.408
0.408 -0.408 -0.408  0.408  0.408 -0.408
0.408 -0.408 -0.408  0.408  0.408  0.408
0.408 -0.408  0.408 -0.408  0.408 -0.408
0.408 -0.408  0.408 -0.408  0.408  0.408
0.408 -0.408  0.408  0.408 -0.408 -0.408
0.408 -0.408  0.408  0.408 -0.408  0.408
0.408  0.408 -0.408 -0.408  0.408 -0.408
0.408  0.408 -0.408 -0.408  0.408  0.408
0.408  0.408 -0.408  0.408 -0.408 -0.408
0.408  0.408 -0.408  0.408 -0.408  0.408
0.408  0.408  0.408 -0.408 -0.408 -0.408
0.408  0.408  0.408 -0.408 -0.408  0.408
0.408  0.408  0.408  0.408  0.408 -0.408
0.408  0.408  0.408  0.408  0.408  0.408
